P 351.6666, -447.2018, -27.9990, 255, 0, 0, 3, to_West_Freeport
P 212.3476, 295.3063, -69.9677, 0, 128, 0, 2, Lynda_(Brewer)
P 204.5114, 279.4266, -83.9677, 0, 128, 0, 2, Nesin_(Bar)
P 186.6765, 297.9623, -83.9677, 186, 85, 211, 2, Oven
P 170.0840, 165.3461, -69.9677, 0, 128, 0, 2, Jenna_(Smith)
P 137.4397, 183.7304, -83.9677, 0, 128, 0, 2, Gord_(Weapons)
P 174.9422, 151.1773, -83.9677, 186, 85, 211, 2, Forge
P 206.0901, 107.0526, -83.9677, 186, 85, 211, 2, Kiln
P 260.1711, 25.0919, -97.9677, 255, 230, 140, 2, Konious_(GM_Enchanter)
P 262.8882, 41.0754, -97.9677, 255, 230, 140, 2, Heneva_(GM_Magician)
P 247.1959, 50.1077, -97.9677, 255, 230, 140, 2, Nexvok_(GM_Wizard)
P 229.4944, 20.7103, -97.9677, 255, 230, 140, 2, Brutol_(GM_Warrior)
P 184.4361, 59.8787, -97.9677, 255, 230, 140, 2, Opal_(GM_Necromancer)
P 177.7726, 68.7333, -97.9677, 255, 230, 140, 2, Brek_(GM_Cleric)
P 276.4922, 188.3222, -83.9677, 0, 128, 0, 2, Rolfic_(Weapons)
P 456.2491, 84.5802, -55.9677, 0, 128, 0, 2, Tohsan_(Weapons)
P 492.3319, 39.7908, -55.9677, 0, 128, 0, 2, Harg_(Weapons)
P 333.7429, -76.1999, -55.9677, 0, 128, 0, 2, Slan_(Bar)
P 161.1648, -25.8221, -55.9677, 186, 85, 211, 2, Forge
P 62.6718, -95.7840, -27.9990, 255, 0, 0, 3, to_West_Freeport
P -342.0785, 153.6713, -97.9677, 255, 0, 0, 3, to_West_Freeport
P 836.7569, 330.7406, -112.9738, 255, 230, 140, 2, Harkin_(GM_Rogue)
P 835.8144, 192.8932, -97.9677, 255, 230, 140, 2, Nestral_(GM_Rogue)
P 885.1782, 222.1079, -13.9990, 0, 128, 0, 2, Tenni_(Weapons)
P 854.7253, 208.6563, -55.9677, 186, 85, 211, 2, Brew_Barrel
P 833.5316, 236.6764, -55.9677, 0, 128, 0, 2, Gregor_(Bar)
P 844.0925, 241.0553, -55.9677, 0, 128, 0, 2, Henna_(Bar)
P 247.8713, 245.6293, -111.9677, 255, 230, 140, 2, Marv_(GM_Necromancer)
P 231.9047, 225.0346, -111.9677, 0, 128, 0, 2, Banor_(Merchant)
P 302.0045, 206.8116, -111.9677, 255, 230, 140, 2, Pietro_(GM_Shadow_Knight)
P 311.0930, 204.5277, -111.9677, 0, 128, 0, 2, Celanie_(Weapons)
P 228.5845, 174.7804, -111.9677, 255, 230, 140, 2, Vesagar_(GM_Cleric)
P 253.1151, 182.9988, -111.9677, 0, 128, 0, 2, Spell_Merchants
P 285.6357, 72.0336, -97.9677, 255, 230, 140, 2, Netuk_(GM_Shadow_Knight)
P 271.4562, 83.4957, -97.9677, 0, 128, 0, 2, Merchants
P 849.1628, -87.2982, -41.9677, 0, 128, 0, 2, Tanlok_(Merchant)
P 885.7609, -61.6099, -55.9677, 0, 128, 0, 2, Merchants
P 745.4412, -43.8452, -54.9677, 0, 128, 0, 2, Jaleel_(Bar)
P 727.3020, -43.8261, -54.9677, 0, 128, 0, 2, Winda_(Merchant)
P 750.5392, -69.7104, -55.9677, 186, 85, 211, 2, Oven
P 720.2759, -12.0308, -55.9677, 186, 85, 211, 2, Brew_Barrel
P 649.2709, 34.0317, -54.9677, 140, 200, 255, 2, Gruns_(Soulbinder)
P 697.9238, 76.9483, -55.9677, 0, 128, 0, 2, Hunter_(Merchant)
P 719.0467, 75.7171, -55.9677, 0, 128, 0, 2, Nasumi_(Merchant)
P 549.0042, -43.8191, -41.9677, 0, 128, 0, 2, Sissin_(Tailor)
P 567.1545, -72.0696, -55.9677, 0, 128, 0, 2, Sanhan_(Tailor)
P 434.1348, -82.7782, -55.9677, 0, 128, 0, 2, Myrissa_(Bar)
P 377.0261, -105.9265, -55.9677, 0, 128, 0, 2, Monita_(Bar)
P 369.9543, -158.0052, -55.9677, 0, 128, 0, 2, Jillian_(Pottery)
P 331.2355, -143.0298, -55.9677, 186, 85, 211, 2, Brew_Barrel
P 296.9258, -134.0140, -55.9677, 0, 128, 0, 2, Tislan_(Baking)
P 252.4906, -126.9826, -55.9677, 0, 128, 0, 2, Sun_(Brewer)
P 242.4045, -100.1544, -55.9677, 186, 85, 211, 2, Oven
P 200.2538, -42.1145, -55.9677, 0, 128, 0, 2, Ikthar_(Armor)
P 166.2610, -54.2022, -41.9677, 0, 128, 0, 2, Valentin_(Smith)
P 689.5282, 1236.4630, -55.9677, 255, 0, 0, 3, to_Northern_Desert_of_Ro
