P 926.0000, -791.0000, 34.4648, 255, 0, 0, 3, to__Iceclad
P -377.0000, 1705.0000, 43.8210, 255, 0, 0, 3, to_Oasis
P -395.0000, -4037.0000, -24.2802, 255, 0, 0, 3, to_East_Freeport
P -2892.0000, -2603.0000, 3.7510, 255, 0, 0, 3, to_East_Commons
P -126.0000, -3711.0000, -24.2802, 0, 128, 0, 2, Murissa_(Merchant)
P -488.0000, -3465.0000, -23.2794, 0, 128, 0, 2, Tozie_(Bar)
P -502.0000, -3414.0000, -23.2794, 0, 128, 0, 2, Valon_(Merchant)
P -488.0000, -3371.0000, -23.2794, 0, 128, 0, 2, Spoolie_(Tailor)
P -824.0000, -1376.0000, 6.5835, 255, 255, 255, 2, Minor_Spire
P 789.0000, -2293.0000, 3.3300, 0, 128, 0, 2, Klok_Sasz_(Merchant)
P 753.0000, -2184.0000, 7.9005, 140, 200, 255, 2, Soulbinder_Rakahs
