L -1088.6921, -1612.6642, 87.4212,  -1102.7153, -1626.6884, 87.4136,  240, 240, 0
L -1102.7153, -1626.6884, 87.4136,  -1182.5615, -1626.7096, 87.4091,  240, 240, 0
L -1183.3827, -1628.0449, 87.4049,  -1183.4178, -1668.3203, 87.4014,  240, 240, 0
L -981.2317, -1044.6461, 98.3593,  -946.8724, -1044.6466, 98.3495,  240, 240, 0
L -324.7777, -1441.0671, 168.1457,  -291.2165, -1441.0787, 168.1624,  240, 240, 0
L -291.2165, -1441.0787, 168.1624,  -291.1136, -1442.9844, 168.1602,  240, 240, 0
L -291.1136, -1442.9844, 168.1443,  -285.1645, -1446.0023, 168.1378,  240, 240, 0
L -285.1645, -1446.0023, 168.1318,  -282.6104, -1444.3462, 168.1270,  240, 240, 0
L -282.6104, -1444.3462, 168.1270,  -251.4841, -1474.4625, 168.0952,  240, 240, 0
L -248.6988, -1482.1138, 168.0887,  -248.7320, -1587.1515, 168.0171,  240, 240, 0
L -251.6760, -1595.1594, 168.0112,  -282.4318, -1624.8646, 167.9606,  240, 240, 0
L -290.7499, -1628.3721, 167.7599,  -435.5187, -1628.3354, 167.7479,  240, 240, 0
L -443.8924, -1624.7939, 167.7486,  -473.0914, -1595.1112, 167.7464,  240, 240, 0
P 1859.0000, -1138.0000, -187.0000,  255, 0, 0,  3,  to_Old_Bloodfields
P 1689.7970, -474.4122, -194.2025,  0, 127, 127,  2,  Grithyank_Avlonnon_(Quests)
P 1303.3593, -355.0981, -188.2732,  0, 127, 127,  2,  Ziven_(Quests)
P 1175.1345, -1048.4796, -194.2025,  0, 127, 127,  2,  Givrund_the_Devoted_(Quests)
P -359.4851, -1587.4047, 159.6265,  0, 127, 127,  2,  Yemail_the_Arcane_(Mission)
P -789.4427, -37.4387, 11.4564, 255, 140, 0, 2, Txenn_(PH_roam)
P -2455.6123, -1203.3257, 40.3493, 255, 140, 0, 2, Shzalk_(Named)
P -3019.0000, -867.5000, 14.1250, 255, 140, 0, 2, Ulkat_(Named)
P -2222.0000, -976.1250, 43.7500, 255, 140, 0, 2, Cythkes_(Named)
P -2490.3750, -651.1250, 49.8750, 255, 140, 0, 2, Maxantxora_(Named)
P -2060.6250, -695.7500, 68.6250, 255, 140, 0, 2, Xangef_(Named)
P -1120.0000, -729.0000, 120.0000, 255, 140, 0, 2, Xoneua_(Named)
P 1660.5500, -603.4421, -186.0624, 140, 200, 255, 2, Veshlin_the_Defamed
P 1702.5430, -457.1001, -186.0538, 140, 200, 255, 2, Vorskahn
P 1672.0569, -431.7175, -186.0499, 140, 200, 255, 2, Tiorpat_Tornwing
P 1587.0997, -352.4107, -186.0457, 140, 200, 255, 2, Urjek_the_Unsteady
P 1536.4653, -372.4746, -186.0417, 140, 200, 255, 2, Acolyte_Grindrik
P 1273.3345, -368.9559, -180.0613, 140, 200, 255, 2, Caller_Donivin
P 1257.7776, -341.5997, -180.0582, 140, 200, 255, 2, Grathnok_Gilforgan
P 1122.2385, -1108.1150, -182.8737, 140, 200, 255, 2, Tibor
P 1152.4585, -1136.2145, -182.8712, 140, 200, 255, 2, Jayruk_the_Hunter
P 1116.0637, -1146.5959, -185.5101, 140, 200, 255, 2, Durhosk
P 1162.5786, -1244.2825, -185.5048,  0, 127, 127,  2,  General_Azerug_the_Honorable_(Quests)
P 1192.4357, -1232.3992, -185.5025,  0, 127, 127,  2,  Citykeeper_Nardic_the_Proud_(Quests)
P 1294.4883, -1180.3024, -185.4974, 140, 200, 255, 2, Grinbar
P 1267.5859, -1159.0509, -185.4943, 140, 200, 255, 2, Sentinel__Siofet
P 1302.6005, -1140.8566, -187.0937, 140, 200, 255, 2, Vrago
P -322.0396, -1503.6547, 167.9235, 140, 200, 255, 2, Tyian_Rianda
P -326.5243, -1560.9022, 167.9208, 140, 200, 255, 2, Inventor_Krang
P -401.1306, -1566.7061, 167.9183, 140, 200, 255, 2, Rowgar
P -399.7556, -1504.3816, 167.9140, 140, 200, 255, 2, Zakariv
P -737.8044, -1377.4408, 115.4724, 140, 200, 255, 2, Makyah_the_Fierce
P -757.3167, -1411.3519, 115.4713, 140, 200, 255, 2, Scion_Balion
P -804.2477, -1368.9227, 115.7071, 140, 200, 255, 2, Acolyte_Torsk
P -776.7454, -1339.2039, 115.7059, 140, 200, 255, 2, Bolno_the_Peon
P -730.1285, -1311.5499, 115.7042, 140, 200, 255, 2, Jurrock
P -714.1439, -1272.3308, 112.0446, 140, 200, 255, 2, Lieutenant_Lihad
P -726.3990, -1246.8323, 112.0435, 140, 200, 255, 2, Drunt
P -690.6406, -1234.0302, 112.0426, 140, 200, 255, 2, Trainer_Cyrum
P -680.4048, -1250.0568, 112.0419, 140, 200, 255, 2, Peon_Salnar
P -654.4970, -1251.6654, 111.2051, 140, 200, 255, 2, Trainer_Dysarth
P -1586.0846, -1462.3381, 87.5670, 140, 200, 255, 2, Ladislev_the_Architect
P -1555.6683, -1457.4296, 86.1959, 140, 200, 255, 2, Verow
P -1594.6578, -1426.1765, 86.1944, 140, 200, 255, 2, Bolodakan
P -1553.6146, -1435.6296, 86.1930, 140, 200, 255, 2, Drarakon
P -1479.0460, -1414.4198, 86.1918, 140, 200, 255, 2, Vorkiev
P -1488.2336, -1383.3394, 86.1907, 140, 200, 255, 2, Sandak
P -1457.1549, -1387.7195, 86.1900, 140, 200, 255, 2, Barowsar
P -1414.3516, -1370.4316, 86.1889, 140, 200, 255, 2, Nerask
P -1405.1143, -1388.3221, 86.1882, 140, 200, 255, 2, Mikuv
P -1519.9883, -1542.2894, 86.1850, 140, 200, 255, 2, Sverins_Fireskin
P -1547.7980, -1530.4161, 85.2287, 140, 200, 255, 2, Marshal_Histent
P -1589.0695, -1572.9470, 85.2265, 140, 200, 255, 2, Daignal_the_Revered
P -1576.4760, -1599.8348, 85.2256, 140, 200, 255, 2, Nalipat
P -1550.3612, -1579.3534, 85.2251, 140, 200, 255, 2, High_Priest_Wersin
P -1455.3971, -1569.9261, 85.2218, 140, 200, 255, 2, Gorvoroth
P -1466.6155, -1618.8212, 85.2198, 140, 200, 255, 2, Lenarsk
P -1420.7677, -1624.0037, 85.2174, 140, 200, 255, 2, Trelak
P -1417.7961, -1578.3744, 85.2163, 140, 200, 255, 2, Battlemaster_Denik
P -1212.4463, -1372.8419, 85.2075, 140, 200, 255, 2, Toiler_Opanin
P -1191.8280, -1436.8306, 85.2059, 140, 200, 255, 2, Clergyman_Rexith
P -1151.2510, -1442.7782, 85.2048, 140, 200, 255, 2, Lannal
P -1147.8263, -1419.5571, 85.2039, 140, 200, 255, 2, Jekisia
P -1118.8287, -1421.1584, 85.2027, 140, 200, 255, 2, Droongar
P -1110.4020, -1446.0836, 85.2020, 140, 200, 255, 2, Retind_Oaln
P -1124.7928, -1473.0198, 85.2011, 140, 200, 255, 2, Yarln
P -1141.9221, -1558.7618, 85.1992, 140, 200, 255, 2, Captain_Gherish
P -1157.9794, -1573.1351, 83.7400, 140, 200, 255, 2, Ertalon
P -1141.5143, -1596.4562, 83.7388, 140, 200, 255, 2, Menlo
P -1116.3143, -1570.9052, 83.7381, 140, 200, 255, 2, Hudar_Trittan
P -1115.8801, -1594.9165, 83.7368, 140, 200, 255, 2, Jarekiv
P -1230.3840, -1604.3303, 82.9741, 140, 200, 255, 2, Yernom
P -1224.4681, -1644.7432, 82.9726, 140, 200, 255, 2, Diad
P -1262.5502, -1637.9292, 82.9720, 140, 200, 255, 2, Lirah
P -1243.8118, -1486.2292, 79.8236, 140, 200, 255, 2, Korshawn
